
  prefix         , Brute          , Binary         , Trie, 
  
  
                 ,    1.06467e-03,     2.77771e-03,     2.03472e-06, 
  
  kh_4           ,    3.75801e-03,     3.03532e-06,     6.18220e-05, 
  
  k_4            ,    3.67721e-03,     4.84456e-05,     3.87086e-03, 
  
  k_7            ,    3.62230e-03,     5.01719e-05,     3.89083e-03, 
  
  notarealword_7 ,    3.01560e-03,     1.72838e-06,     1.81299e-07, 
  
  notarealword_1 ,    3.33728e-03,     3.00918e-06,     2.40973e-07, 
  
  kh_7           ,    3.65306e-03,     2.79595e-06,     6.29423e-05, 
  
  notarealword_4 ,    3.24249e-03,     2.58134e-06,     1.28625e-07, 
  
  notarealword   ,    3.00664e-03,     3.03226e-06,     4.83083e-07, 
  
  khombu         ,    2.92831e-03,     4.00626e-06,     7.02317e-07, 
  
  k              ,    1.03904e-03,     2.46288e-05,     1.58227e-07, 
  
  _1             ,    3.26379e-03,     5.41926e-03,     2.57478e-01, 
  
  _4             ,    3.26586e-03,     6.90442e-03,     2.03101e-01, 
  
  _7             ,    3.47042e-03,     6.32560e-03,     1.95119e-01, 
  
  khombu_7       ,    4.46294e-03,     2.68341e-06,     5.68272e-07, 
  
  k_1            ,    3.74751e-03,     5.97354e-05,     4.00627e-03, 
  
  kh             ,    1.14214e-03,     1.35844e-06,     2.27750e-07, 
  
  khombu_4       ,    4.71402e-03,     2.84027e-06,     7.62121e-07, 
  
  kh_1           ,    3.67485e-03,     2.08846e-06,     6.03959e-05, 
  
  khombu_1       ,    4.38986e-03,     2.76126e-06,     2.05514e-06, 
  
                 ,    1.06467e-03,     2.77771e-03,     2.03472e-06, 
  
  kh_4           ,    3.75801e-03,     3.03532e-06,     6.18220e-05, 
  
  k_4            ,    3.67721e-03,     4.84456e-05,     3.87086e-03, 
  
  k_7            ,    3.62230e-03,     5.01719e-05,     3.89083e-03, 
  
  notarealword_7 ,    3.01560e-03,     1.72838e-06,     1.81299e-07, 
  
  notarealword_1 ,    3.33728e-03,     3.00918e-06,     2.40973e-07, 
  
  kh_7           ,    3.65306e-03,     2.79595e-06,     6.29423e-05, 
  
  notarealword_4 ,    3.24249e-03,     2.58134e-06,     1.28625e-07, 
  
  notarealword   ,    3.00664e-03,     3.03226e-06,     4.83083e-07, 
  
  khombu         ,    2.92831e-03,     4.00626e-06,     7.02317e-07, 
  
  k              ,    1.03904e-03,     2.46288e-05,     1.58227e-07, 
  
  _1             ,    3.26379e-03,     5.41926e-03,     2.57478e-01, 
  
  _4             ,    3.26586e-03,     6.90442e-03,     2.03101e-01, 
  
  _7             ,    3.47042e-03,     6.32560e-03,     1.95119e-01, 
  
  khombu_7       ,    4.46294e-03,     2.68341e-06,     5.68272e-07, 
  
  k_1            ,    3.74751e-03,     5.97354e-05,     4.00627e-03, 
  
  kh             ,    1.14214e-03,     1.35844e-06,     2.27750e-07, 
  
  khombu_4       ,    4.71402e-03,     2.84027e-06,     7.62121e-07, 
  
  kh_1           ,    3.67485e-03,     2.08846e-06,     6.03959e-05, 
  
  khombu_1       ,    4.38986e-03,     2.76126e-06,     2.05514e-06, 
  
                 ,    1.06467e-03,     2.77771e-03,     2.03472e-06, 
  
  kh_4           ,    3.75801e-03,     3.03532e-06,     6.18220e-05, 
  
  k_4            ,    3.67721e-03,     4.84456e-05,     3.87086e-03, 
  
  k_7            ,    3.62230e-03,     5.01719e-05,     3.89083e-03, 
  
  notarealword_7 ,    3.01560e-03,     1.72838e-06,     1.81299e-07, 
  
  notarealword_1 ,    3.33728e-03,     3.00918e-06,     2.40973e-07, 
  
  kh_7           ,    3.65306e-03,     2.79595e-06,     6.29423e-05, 
  
  notarealword_4 ,    3.24249e-03,     2.58134e-06,     1.28625e-07, 
  
  notarealword   ,    3.00664e-03,     3.03226e-06,     4.83083e-07, 
  
  khombu         ,    2.92831e-03,     4.00626e-06,     7.02317e-07, 
  
  k              ,    1.03904e-03,     2.46288e-05,     1.58227e-07, 
  
  _1             ,    3.26379e-03,     5.41926e-03,     2.57478e-01, 
  
  _4             ,    3.26586e-03,     6.90442e-03,     2.03101e-01, 
  
  _7             ,    3.47042e-03,     6.32560e-03,     1.95119e-01, 
  
  khombu_7       ,    4.46294e-03,     2.68341e-06,     5.68272e-07, 
  
  k_1            ,    3.74751e-03,     5.97354e-05,     4.00627e-03, 
  
  kh             ,    1.14214e-03,     1.35844e-06,     2.27750e-07, 
  
  khombu_4       ,    4.71402e-03,     2.84027e-06,     7.62121e-07, 
  
  kh_1           ,    3.67485e-03,     2.08846e-06,     6.03959e-05, 
  
  khombu_1       ,    4.38986e-03,     2.76126e-06,     2.05514e-06